creating environment with lakes: /root/data/en/king_james_bible_para/9_9/, /root/data/en/esv_para/9_9/
1 text1_files listed
1 text2_files listed
Inverted Index Size: 54
Words: 20
Vector Size: 300
Normalized vector storage check
Index Trained: 1
Ntotal: 12
Sliding Window Computation time: 4.2151e-05
Out of dictionary words: 8
K: 12
NB: 12
Faiss Search Time: 0.0288707
size of I: 144
Size of valid edges: 150
1, 0.857143, 0.714286, 0.725437, 0.739496, 0, 0, 0, 0, 0, 0, 0, 0, 0, 0, 0,
0.857143, 1, 0.855959, 0.725437, 0, 0, 0, 0, 0, 0, 0, 0, 0, 0, 0, 0,
0.714286, 0.855959, 1, 0.857143, 0.73454, 0.740101, 0.740101, 0, 0, 0, 0, 0, 0, 0, 0, 0,
0.725437, 0.725437, 0.857143, 1, 0.857143, 0.882958, 0.882958, 0.798943, 0, 0, 0, 0, 0, 0, 0, 0,
0.739496, 0, 0.73454, 0.857143, 1, 0.857143, 0.857143, 0.777682, 0.777682, 0, 0, 0, 0, 0, 0, 0,
0, 0, 0.740101, 0.882958, 0.857143, 1, 1, 0.875265, 0.732408, 0, 0, 0, 0, 0, 0, 0,
0, 0, 0.740101, 0.882958, 0.857143, 1, 1, 0.875265, 0.732408, 0, 0, 0, 0, 0, 0, 0,
0, 0, 0, 0.798943, 0.777682, 0.875265, 0.875265, 1, 0.857143, 0.714286, 0, 0, 0, 0, 0, 0,
0, 0, 0, 0, 0.804475, 0.741079, 0.741079, 0.857143, 0.857143, 0.714286, 0, 0, 0, 0, 0, 0,
0, 0, 0, 0, 0, 0, 0, 0.741111, 0.741111, 0.857143, 0.746216, 0, 0, 0, 0, 0,
0, 0, 0, 0, 0, 0, 0, 0, 0.741111, 0.857143, 0.889073, 0.746216, 0, 0, 0, 0,
0, 0, 0, 0, 0, 0, 0, 0, 0, 0.73006, 0.746216, 0.746216, 0, 0, 0, 0,
0, 0, 0, 0, 0, 0, 0, 0, 0, 0.73006, 0, 0, 0, 0, 0, 0,
0, 0, 0, 0, 0, 0, 0, 0, 0, 0, 0, 0, 0, 0, 0, 0,
0, 0, 0, 0, 0, 0, 0, 0, 0, 0, 0, 0, 0, 0, 0.735517, 0,
0, 0, 0, 0, 0, 0, 0, 0, 0, 0, 0, 0, 0, 0, 0.727197, 0,
0, 0, 0, 0, 0, 0, 0, 0, 0, 0, 0, 0, 0, 0, 0.727197, 0,
0, 0, 0, 0, 0, 0, 0, 0, 0, 0, 0, 0, 0, 0, 0, 0,
0, 0, 0, 0, 0, 0, 0, 0, 0, 0, 0, 0, 0, 0, 0, 0,
Main Loop Time: 0.00819286
Number of Graph Matching Computed: 304
Number of Zero Entries Cells: 230
Env Time: 0.000518095
Dataloader Time: 0.126641
FaissIndex Time: 0.0334109
Algorithm Time: 0.0375578
