creating environment with lakes: /root/data/en/king_james_bible_para/7_9/, /root/data/en/esv_para/7_9/
1 text1_files listed
1 text2_files listed
Inverted Index Size: 56
Words: 20
Vector Size: 300
Normalized vector storage check
Index Trained: 1
Ntotal: 9
Sliding Window Computation time: 3.6635e-05
Out of dictionary words: 11
K: 9
NB: 9
Faiss Search Time: 0.0277953
size of I: 81
Size of valid edges: 90
1, 0.857143, 0.714286, 0, 0, 0, 0, 0, 0, 0, 0, 0, 0, 0,
0.857143, 1, 0.857143, 0.714286, 0, 0, 0, 0, 0, 0, 0, 0, 0, 0,
0.714286, 0.857143, 1, 0.857143, 0.74034, 0, 0, 0, 0, 0, 0, 0, 0, 0,
0, 0.714286, 0.857143, 1, 0.873724, 0.730867, 0, 0, 0, 0, 0, 0, 0, 0,
0, 0, 0.74034, 0.873724, 1, 0.857143, 0.714286, 0, 0, 0, 0, 0, 0, 0,
0, 0, 0, 0.730867, 0.857143, 1, 0.857143, 0.745737, 0.745737, 0, 0, 0, 0, 0,
0, 0, 0, 0, 0.714286, 0.857143, 1, 0.857143, 0.714286, 0, 0, 0, 0, 0,
0, 0, 0, 0, 0, 0.745737, 0.857143, 1, 0.857143, 0.714286, 0, 0, 0, 0,
0, 0, 0, 0, 0, 0, 0.714286, 0.857143, 0.857143, 0.714286, 0, 0, 0, 0,
0, 0, 0, 0, 0, 0, 0, 0.714286, 0.857143, 0.857143, 0.714286, 0, 0, 0,
0, 0, 0, 0, 0, 0, 0, 0, 0.714286, 0.753904, 0.753904, 0, 0, 0,
0, 0, 0, 0, 0, 0, 0, 0, 0, 0.734772, 0.734772, 0.714286, 0.714286, 0,
0, 0, 0, 0, 0, 0, 0, 0, 0, 0, 0, 0, 0.714286, 0,
Main Loop Time: 0.00501856
Number of Graph Matching Computed: 182
Number of Zero Entries Cells: 128
Env Time: 0.000517941
Dataloader Time: 0.0657137
FaissIndex Time: 0.0254183
Algorithm Time: 0.0331463
